{
 "cells": [
  {
   "cell_type": "code",
   "execution_count": 45,
   "metadata": {
    "collapsed": true,
    "pycharm": {
     "name": "#%%11.1\n"
    }
   },
   "outputs": [
    {
     "name": "stdout",
     "output_type": "stream",
     "text": [
      "马氏距离结果为： [4.58831468]\n",
      "欧氏距离结果为： [2.]\n",
      "曼哈顿距离结果为： [2]\n",
      "切比雪夫距离结果为： 2\n"
     ]
    }
   ],
   "source": [
    "import numpy as np\n",
    "import numpy.linalg as la\n",
    "mu = np.array([0,0]).reshape(2,1)\n",
    "su = np.array([[1,0.9],[0.9,1]])\n",
    "A = np.array([1,1]).reshape(2,1)\n",
    "B = np.array([1,-1]).reshape(2,1)\n",
    "#马氏距离\n",
    "mahalanobis = np.sqrt((A-B).T@la.inv(su)@(A-B))\n",
    "print('马氏距离结果为：',mahalanobis[0])\n",
    "#欧氏距离\n",
    "sum = 0\n",
    "for i in range(len(A)):\n",
    "    sum = sum + (A[i]-B[i])**2\n",
    "euclidean = np.sqrt(sum)\n",
    "print('欧氏距离结果为：',euclidean)\n",
    "#曼哈顿距离\n",
    "total = 0\n",
    "for i in range(len(A)):\n",
    "    total = total + np.abs(A[i]-B[i])\n",
    "manhattan = total\n",
    "print('曼哈顿距离结果为：',manhattan)\n",
    "#切比雪夫距离\n",
    "maxmanhattan = []\n",
    "for i in range(len(A)):\n",
    "    d = np.abs(A[i]-B[i])\n",
    "    maxmanhattan.append(d)\n",
    "chebyshev = np.max(maxmanhattan)\n",
    "print('切比雪夫距离结果为：',chebyshev)"
   ]
  },
  {
   "cell_type": "code",
   "execution_count": 44,
   "outputs": [
    {
     "name": "stdout",
     "output_type": "stream",
     "text": [
      "[3.         4.33333333] \n",
      "\n",
      " [5. 8.] \n",
      "\n",
      "[[1.         1.5       ]\n",
      " [1.5        6.33333333]] \n",
      "\n",
      " [[1.  0.5]\n",
      " [0.5 1. ]] \n",
      "\n",
      "马氏距离分类结果： [1.]\n",
      "马氏距离已知样本的误判率为： 0.16666666666666663\n"
     ]
    }
   ],
   "source": [
    "import numpy as np\n",
    "from sklearn.neighbors import KNeighborsClassifier\n",
    "x1 = np.array([[3,2],[2,4],[4,7]])\n",
    "x2 = np.array([[6,9],[5,7],[4,8]])\n",
    "m1 = np.mean(x1,axis=0)\n",
    "m2 = np.mean(x2,axis=0)\n",
    "print(m1,'\\n\\n',m2,'\\n')\n",
    "v1 = np.cov(x1.T)\n",
    "v2 = np.cov(x2.T)\n",
    "print(v1,'\\n\\n',v2,'\\n')\n",
    "x0 = np.r_[x1,x2]\n",
    "v = np.cov(x0.T)\n",
    "y0 = np.hstack([np.ones(3),2*np.ones(3)])\n",
    "#判别\n",
    "knn = KNeighborsClassifier(2,metric='mahalanobis',metric_params={'V':v})\n",
    "knn.fit(x0,y0)\n",
    "\n",
    "#预测\n",
    "x = np.array([[2,7]])\n",
    "pre = knn.predict(x)\n",
    "print('马氏距离分类结果：',pre)\n",
    "print('马氏距离已知样本的误判率为：',1-knn.score(x0,y0))"
   ],
   "metadata": {
    "collapsed": false,
    "pycharm": {
     "name": "#%% 11.2\n"
    }
   }
  },
  {
   "cell_type": "code",
   "execution_count": 73,
   "outputs": [
    {
     "name": "stdout",
     "output_type": "stream",
     "text": [
      "马氏距离分类结果： [1. 1. 1.]\n",
      "马氏距离已知样本的误判率为： 0.125\n",
      "交叉误判率为： [0.5  0.25]\n",
      "\n",
      "\n",
      "欧氏距离分类结果： [1. 2. 1.]\n",
      "欧氏距离已知样本的误判率为： 0.125\n",
      "交叉误判率为： [1.   0.75]\n",
      "\n",
      "\n",
      "Fisher准则判别结果为： [1. 1. 1.]\n",
      "Fisher准则已知样本的误判率为： 0.0\n",
      "交叉误判率为： [0.25 0.5 ]\n",
      "\n",
      "\n",
      "贝叶斯判别法结果为： [1. 1. 1.]\n",
      "贝叶斯判别法已知样本的误判率为： 0.0\n",
      "交叉误判率为： [0.5  0.75]\n"
     ]
    },
    {
     "name": "stderr",
     "output_type": "stream",
     "text": [
      "d:\\venv\\suanfa\\suanfa\\lib\\site-packages\\sklearn\\metrics\\pairwise.py:1458: FutureWarning: from version 0.25, pairwise_distances for metric='mahalanobis' will require VI to be specified if Y is passed.\n",
      "  \"specified if Y is passed.\", FutureWarning)\n",
      "d:\\venv\\suanfa\\suanfa\\lib\\site-packages\\sklearn\\metrics\\pairwise.py:1458: FutureWarning: from version 0.25, pairwise_distances for metric='mahalanobis' will require VI to be specified if Y is passed.\n",
      "  \"specified if Y is passed.\", FutureWarning)\n"
     ]
    }
   ],
   "source": [
    "import numpy as np\n",
    "from sklearn.neighbors import KNeighborsClassifier\n",
    "from sklearn.discriminant_analysis import LinearDiscriminantAnalysis as LDA\n",
    "from sklearn.naive_bayes import GaussianNB\n",
    "from sklearn.model_selection import cross_val_score\n",
    "a = np.loadtxt('11_14.txt')\n",
    "x0 = a[0:-3,1:]\n",
    "y0 = np.hstack([np.ones(3),2*np.ones(5)])\n",
    "x = a[-3:,1:]\n",
    "v = np.cov(x0.T)\n",
    "knn = KNeighborsClassifier(2,metric='mahalanobis',metric_params={'V':v})\n",
    "knn.fit(x0,y0)\n",
    "pre = knn.predict(x)\n",
    "print('马氏距离分类结果：',pre)\n",
    "print('马氏距离已知样本的误判率为：',1-knn.score(x0,y0))\n",
    "print('交叉误判率为：',cross_val_score(knn,x0,y0,cv=2))\n",
    "print('\\n')\n",
    "knn2 = KNeighborsClassifier(2)\n",
    "knn2.fit(x0,y0)\n",
    "pre2 = knn2.predict(x)\n",
    "print('欧氏距离分类结果：',pre2)\n",
    "print('欧氏距离已知样本的误判率为：',1-knn2.score(x0,y0))\n",
    "print('交叉误判率为：',cross_val_score(knn2,x0,y0,cv=2))\n",
    "print('\\n')\n",
    "clf = LDA()\n",
    "clf.fit(x0,y0)\n",
    "print('Fisher准则判别结果为：',clf.predict(x))\n",
    "print('Fisher准则已知样本的误判率为：',1-clf.score(x0,y0))\n",
    "model = LDA()\n",
    "print('交叉误判率为：',cross_val_score(model,x0,y0,cv=2))\n",
    "print('\\n')\n",
    "clf2 = GaussianNB()\n",
    "clf2.fit(x0,y0)\n",
    "print('贝叶斯判别法结果为：',clf.predict(x))\n",
    "print('贝叶斯判别法已知样本的误判率为：',1-clf.score(x0,y0))\n",
    "model1 = GaussianNB()\n",
    "print('交叉误判率为：',cross_val_score(model1,x0,y0,cv=2))"
   ],
   "metadata": {
    "collapsed": false,
    "pycharm": {
     "name": "#%% 11.3\n"
    }
   }
  },
  {
   "cell_type": "code",
   "execution_count": 2,
   "outputs": [
    {
     "name": "stdout",
     "output_type": "stream",
     "text": [
      "特征值： [3.01203072e+06 1.90907586e+06 3.00594423e+05 8.23494665e+04\n",
      " 4.08692087e+04 5.32345367e+03 4.22321325e+00 4.17446651e-01]\n",
      "各主成分的贡献率： [5.62970324e-01 3.56820084e-01 5.61832713e-02 1.53917108e-02\n",
      " 7.63875065e-03 9.94991987e-04 7.89349098e-07 7.80237979e-08]\n",
      "奇异值为： [9.34606286e+03 7.44064513e+03 2.95249695e+03 1.54535903e+03\n",
      " 1.08867215e+03 3.92912403e+02 1.10667603e+01 3.47936099e+00]\n",
      "各主成分系数为：\n",
      " [[ 7.60308252e-01  3.05917212e-01  2.19892586e-01  4.44404555e-01\n",
      "   9.64855551e-02 -3.37571100e-04 -5.21272311e-04  2.70532837e-01]\n",
      " [-4.67925653e-01  3.59031519e-01 -6.11510952e-02  7.46059501e-01\n",
      "  -2.43860248e-01  3.38129975e-05 -4.98856066e-04 -1.79804462e-01]\n",
      " [-1.80068548e-01  8.36910812e-01 -6.32184975e-02 -4.23685553e-01\n",
      "   9.62320168e-02 -3.11949638e-04 -4.96255208e-04  2.72742808e-01]\n",
      " [-2.52267675e-01 -1.43543201e-01 -1.91050507e-01  2.48337703e-01\n",
      "   8.46978752e-01 -3.35658754e-04 -7.88315269e-05  3.16561736e-01]\n",
      " [ 1.52342982e-01  2.32312421e-01  1.18623605e-01 -6.38853332e-02\n",
      "   4.44508890e-01 -4.98673107e-03 -2.37331877e-03 -8.40863251e-01]\n",
      " [ 2.89311379e-01  5.01306603e-02 -9.45162450e-01  2.52442357e-02\n",
      "  -8.36333012e-02 -2.31254310e-03 -2.64037416e-03 -1.13179792e-01]\n",
      " [-1.95383053e-03 -2.12548700e-03  2.62211426e-03 -6.76088289e-05\n",
      "  -2.39102017e-03 -7.69877572e-01 -6.38159078e-01  4.53680436e-03]\n",
      " [ 8.80021046e-05 -9.07826013e-05  6.53386893e-04 -3.70233916e-04\n",
      "   8.42379908e-04  6.38167676e-01 -7.69895846e-01 -1.05515463e-03]]\n"
     ]
    }
   ],
   "source": [
    "import numpy as np\n",
    "from sklearn.decomposition import PCA\n",
    "a = np.loadtxt('11_15.txt')\n",
    "md = PCA().fit(a) #构造并训练模型\n",
    "print('特征值：',md.explained_variance_)\n",
    "print('各主成分的贡献率：',md.explained_variance_ratio_)\n",
    "print('奇异值为：',md.singular_values_)\n",
    "print('各主成分系数为：\\n',md.components_)"
   ],
   "metadata": {
    "collapsed": false,
    "pycharm": {
     "name": "#%% 11.4\n"
    }
   }
  },
  {
   "cell_type": "code",
   "execution_count": 7,
   "outputs": [
    {
     "name": "stdout",
     "output_type": "stream",
     "text": [
      "相关系数矩阵为：\n",
      " [[ 1.          0.2667824   0.95056797  0.19077246  0.61709973 -0.27249317\n",
      "  -0.26377155  0.87377354]\n",
      " [ 0.2667824   1.          0.42613689  0.71813394 -0.15101233 -0.23513868\n",
      "  -0.59272738  0.36309899]\n",
      " [ 0.95056797  0.42613689  1.          0.39962743  0.43062333 -0.28048675\n",
      "  -0.35905241  0.79186092]\n",
      " [ 0.19077246  0.71813394  0.39962743  1.         -0.35558521 -0.13495849\n",
      "  -0.53915927  0.10438206]\n",
      " [ 0.61709973 -0.15101233  0.43062333 -0.35558521  1.         -0.25317541\n",
      "   0.02172214  0.65857654]\n",
      " [-0.27249317 -0.23513868 -0.28048675 -0.13495849 -0.25317541  1.\n",
      "   0.762838   -0.1252172 ]\n",
      " [-0.26377155 -0.59272738 -0.35905241 -0.53915927  0.02172214  0.762838\n",
      "   1.         -0.19207416]\n",
      " [ 0.87377354  0.36309899  0.79186092  0.10438206  0.65857654 -0.1252172\n",
      "  -0.19207416  1.        ]]\n",
      "特征值为： [3.7551733  2.19662819 1.21491322 0.40243454 0.01465388 0.21279581\n",
      " 0.06545111 0.13794995]\n",
      "特征向量为：\n",
      " [[-0.4566508  -0.25878505  0.10972412 -0.3203807  -0.76017321 -0.14889612\n",
      "   0.09418791 -0.03020676]\n",
      " [-0.31310202  0.4035874   0.24612977  0.64405203 -0.10945541 -0.16459852\n",
      "   0.21598192 -0.42187688]\n",
      " [-0.47046575 -0.10874938  0.19229434 -0.42620583  0.60795188 -0.16700335\n",
      "   0.31752269 -0.22336239]\n",
      " [-0.24062907  0.48738757  0.33381203 -0.25791553 -0.03232903  0.65936588\n",
      "  -0.29802603  0.04440797]\n",
      " [-0.25067127 -0.49815837 -0.24974622  0.33380191  0.04949412  0.66132515\n",
      "   0.26788476 -0.06035226]\n",
      " [ 0.26242974 -0.16995732  0.72276249  0.1130333  -0.01996245  0.05878645\n",
      "   0.41871408  0.43348261]\n",
      " [ 0.31975742 -0.40100175  0.39697324 -0.04197081 -0.01390636  0.07675126\n",
      "  -0.36068862 -0.66439677]\n",
      " [-0.42455452 -0.28796662  0.19138082  0.32927127  0.19095549 -0.20343605\n",
      "  -0.6145407   0.36915037]]\n",
      "各主成分的贡献率为： [0.46939666 0.27457852 0.15186415 0.05030432 0.00183173 0.02659948\n",
      " 0.00818139 0.01724374]\n",
      "各评价对象的得分为： [ 0.39554404  0.31405742  0.64808197 -0.47205335 -0.77534502  0.79383357\n",
      " -0.18459984  0.25286159  1.52652835  1.70442853  0.89924496  0.21241407\n",
      "  0.19989691 -0.66354215  1.43211237  0.4879188  -0.13505401 -0.19589867\n",
      "  2.20246337 -0.54867576 -0.26870987  0.27171198 -1.33801332 -0.96412091\n",
      " -0.96225923 -0.84847319 -1.00980185 -1.12036537 -1.03174242 -0.82244298]\n",
      "从高到低各个城市的编号排序为： [19 10  9 15 11  6  3 16  1  2 22  8 12 13 17  7 18 21  4 20 14  5 30 26\n",
      " 25 24 27 29 28 23]\n"
     ]
    }
   ],
   "source": [
    "import numpy as np\n",
    "from scipy.stats import zscore\n",
    "a = np.loadtxt('11_15.txt')\n",
    "print('相关系数矩阵为：\\n',np.corrcoef(a.T))\n",
    "# b = np.delete(a,0,axis=1) #删除第一列数据\n",
    "c = zscore(a) #标准化\n",
    "r = np.corrcoef(c.T)  #标准化相关系数矩阵\n",
    "d,e = np.linalg.eig(r)  #特征值和特征向量\n",
    "rate = d/d.sum()  #计算各主成分的贡献率\n",
    "print('特征值为：',d)\n",
    "print('特征向量为：\\n',e)\n",
    "print('各主成分的贡献率为：',rate)\n",
    "k = 1\n",
    "F = e[:,:k]\n",
    "score_mat = c.dot(F)\n",
    "score1 = score_mat.dot(rate[0:k])\n",
    "score2=-score1\n",
    "print('各评价对象的得分为：',score2)\n",
    "index = score1.argsort()+1\n",
    "print('从高到低各个城市的编号排序为：',index)"
   ],
   "metadata": {
    "collapsed": false,
    "pycharm": {
     "name": "#%% 11.4\n"
    }
   }
  },
  {
   "cell_type": "code",
   "execution_count": 11,
   "outputs": [
    {
     "name": "stdout",
     "output_type": "stream",
     "text": [
      "特征值为： [3.35097027 1.51599708 0.14462131 0.24757787 0.3542329  0.38660056]\n",
      "特征向量为：\n",
      " [[ 0.44696175  0.38113174  0.72002027  0.35171682 -0.08202847 -0.07811029]\n",
      " [ 0.40773446  0.40522194 -0.41138775 -0.31042318 -0.57017021 -0.28080469]\n",
      " [ 0.40542498 -0.38000468  0.1482083  -0.43166168  0.42043727 -0.5533191 ]\n",
      " [ 0.41835961  0.36743384 -0.41774048  0.14172746  0.6312124   0.3113595 ]\n",
      " [ 0.35549178 -0.53463092 -0.29884206  0.66253644 -0.20810023 -0.12739133]\n",
      " [ 0.41013317 -0.35396661  0.16294645 -0.36682381 -0.2228788   0.70406832]]\n",
      "各主成分的贡献率为： [0.55849505 0.25266618 0.02410355 0.04126298 0.05903882 0.06443343]\n"
     ]
    }
   ],
   "source": [
    "import numpy as np\n",
    "R = np.array([[1,0.8,0.37,0.78,0.26,0.38],\n",
    "              [0.8,1,0.32,0.65,0.18,0.33],\n",
    "              [0.37,0.32,1,0.36,0.71,0.62],\n",
    "              [0.78,0.65,0.36,1,0.18,0.39],\n",
    "              [0.26,0.18,0.71,0.18,1,0.69],\n",
    "              [0.38,0.33,0.62,0.39,0.69,1]])\n",
    "d,e = np.linalg.eig(R)\n",
    "rate = d/d.sum()\n",
    "print('特征值为：',d)\n",
    "print('特征向量为：\\n',e)\n",
    "print('各主成分的贡献率为：',rate)"
   ],
   "metadata": {
    "collapsed": false,
    "pycharm": {
     "name": "#%% 11.5\n"
    }
   }
  },
  {
   "cell_type": "code",
   "execution_count": 2,
   "outputs": [
    {
     "name": "stdout",
     "output_type": "stream",
     "text": [
      "val: [3.35097027 1.51599708 0.14462131 0.24757787 0.3542329  0.38660056] \n",
      "------\n",
      " [[ 0.81819278  0.46927163  0.27381729  0.17500443 -0.04882127 -0.0485668 ]\n",
      " [ 0.74638467  0.4989329  -0.1564471  -0.15445788 -0.33935087 -0.17459652]\n",
      " [ 0.742157   -0.46788393  0.05636229 -0.21478275  0.25023362 -0.34403838]\n",
      " [ 0.7658347   0.45240598 -0.15886298  0.07051961  0.37568164  0.19359465]\n",
      " [ 0.65075101 -0.65826878 -0.11364697  0.32965956 -0.12385599 -0.07920838]\n",
      " [ 0.75077566 -0.43582434  0.06196708 -0.18252125 -0.13265182  0.43777005]] \n",
      "------\n",
      " [[ 0.81819278  0.46927163  0.27381729  0.17500443 -0.04882127 -0.0485668 ]\n",
      " [ 0.74638467  0.4989329  -0.1564471  -0.15445788 -0.33935087 -0.17459652]\n",
      " [ 0.742157   -0.46788393  0.05636229 -0.21478275  0.25023362 -0.34403838]\n",
      " [ 0.7658347   0.45240598 -0.15886298  0.07051961  0.37568164  0.19359465]\n",
      " [ 0.65075101 -0.65826878 -0.11364697  0.32965956 -0.12385599 -0.07920838]\n",
      " [ 0.75077566 -0.43582434  0.06196708 -0.18252125 -0.13265182  0.43777005]]\n",
      "对x的贡献为： [3.35097027 1.51599708]\n",
      "共同度为： [0.88965529 0.80602411 0.76971239 0.79117396 0.85679466 0.75360695]\n"
     ]
    }
   ],
   "source": [
    "import numpy as np\n",
    "r = np.array([[1,0.8,0.37,0.78,0.26,0.38],\n",
    "              [0.8,1,0.32,0.65,0.18,0.33],\n",
    "              [0.37,0.32,1,0.36,0.71,0.62],\n",
    "              [0.78,0.65,0.36,1,0.18,0.39],\n",
    "              [0.26,0.18,0.71,0.18,1,0.69],\n",
    "              [0.38,0.33,0.62,0.39,0.69,1]])\n",
    "[val,vec] = np.linalg.eig(r)  #相关矩阵的特征值和特征向量\n",
    "A1 = np.tile(np.sqrt(val),(6,1))*vec\n",
    "A2 = vec*np.sqrt(val)\n",
    "print('val:',val,'\\n------\\n',A1,'\\n------\\n',A2)\n",
    "num = int(input('请输入选择公共因子的个数：'))\n",
    "A = A1[:,:num]\n",
    "Ac = np.sum(A**2,axis=0)\n",
    "Ar = np.sum(A**2,axis=1)\n",
    "print('对x的贡献为：',Ac)\n",
    "print('共同度为：',Ar)"
   ],
   "metadata": {
    "collapsed": false,
    "pycharm": {
     "name": "#%%11.6\n"
    }
   }
  }
 ],
 "metadata": {
  "kernelspec": {
   "display_name": "Python 3",
   "language": "python",
   "name": "python3"
  },
  "language_info": {
   "codemirror_mode": {
    "name": "ipython",
    "version": 2
   },
   "file_extension": ".py",
   "mimetype": "text/x-python",
   "name": "python",
   "nbconvert_exporter": "python",
   "pygments_lexer": "ipython2",
   "version": "2.7.6"
  }
 },
 "nbformat": 4,
 "nbformat_minor": 0
}